12.224543 
9.309353 
11.216113 
11.282012 
8.575835 
12.318300 
6.562110 
10.834931 
9.199893 
14.561818 
5.456559 
10.450290 
11.732662 
12.774278 
7.934847 
10.616375 
9.283593 
10.600698 
7.772377 
9.357282 
10.094895 
12.488333 
11.689695 
6.940298 
14.448279 
10.785419 
9.987165 
10.945609 
8.500328 
11.961351 
10.308458 
13.113001 
9.544045 
11.789287 
7.343188 
8.190969 
10.108386 
8.274081 
7.875926 
11.126451 
11.573779 
9.390597 
9.860901 
8.563224 
6.590077 
10.581053 
8.717963 
12.673616 
10.311177 
14.163561 
10.077176 
8.875022 
9.788971 
11.461292 
10.638472 
10.327457 
8.217753 
11.970858 
12.634261 
7.253343 
11.011246 
8.201960 
9.681297 
12.022376 
11.947988 
8.996051 
9.515275 
10.703524 
7.851991 
12.679559 
11.057877 
10.205426 
10.793952 
11.810328 
9.777829 
11.558468 
9.210393 
12.447164 
10.528998 
11.180138 
9.815404 
7.004020 
13.881524 
8.127847 
11.598890 
7.072975 
12.023018 
8.638066 
9.419862 
7.000062 
8.331836 
8.805387 
12.834984 
5.806134 
9.943518 
13.229236 
13.076156 
8.051826 
12.677629 
8.592028 
8.472800 
8.013550 
10.987896 
7.011502 
8.592177 
10.940202 
9.298843 
10.549413 
8.612357 
11.012425 
8.675869 
10.063809 
8.655474 
8.920617 
11.667835 
11.302994 
10.151615 
10.452632 
11.375319 
12.561469 
10.078706 
8.357470 
9.682075 
12.634386 
10.876535 
13.055508 
10.718406 
7.554402 
7.760938 
9.280098 
5.891158 
11.530487 
14.461167 
7.336434 
10.595172 
8.728394 
10.385545 
13.219891 
10.407667 
11.999979 
12.707642 
11.408510 
10.139408 
10.123635 
14.189320 
9.931179 
9.302198 
10.685301 
11.493352 
7.486699 
11.232105 
7.422516 
12.307618 
7.893526 
8.556001 
7.735013 
8.711147 
10.402759 
7.614277 
11.304750 
10.021923 
10.967263 
6.499113 
10.733844 
10.676370 
8.807099 
8.490740 
14.897743 
11.330579 
9.853015 
9.125977 
11.856927 
6.621156 
12.146003 
11.246754 
9.004416 
14.064793 
9.605054 
9.642903 
6.144322 
11.154172 
8.272479 
10.232222 
9.124782 
8.519212 
13.373901 
12.827905 
12.237789 
8.959941 
7.854510 
12.723555 
13.174178 
12.387059 
8.224412 
11.299060 
8.391091 
11.062065 
10.466184 
11.590140 
7.479390 
10.136616 
12.224543 
9.309353 
11.216113 
11.282012 
8.575835 
12.318300 
6.562110 
10.834931 
9.199893 
14.561818 
5.456559 
10.450290 
11.732662 
12.774278 
7.934847 
10.616375 
9.283593 
10.600698 
7.772377 
9.357282 
10.094895 
12.488333 
11.689695 
6.940298 
14.448279 
10.785419 
9.987165 
10.945609 
8.500328 
11.961351 
10.308458 
13.113001 
9.544045 
11.789287 
7.343188 
8.190969 
10.108386 
8.274081 
7.875926 
11.126451 
11.573779 
9.390597 
9.860901 
8.563224 
6.590077 
10.581053 
8.717963 
12.673616 
10.311177 
14.163561 
10.077176 
8.875022 
9.788971 
11.461292 
10.638472 
10.327457 
8.217753 
11.970858 
12.634261 
7.253343 
11.011246 
8.201960 
9.681297 
12.022376 
11.947988 
8.996051 
9.515275 
10.703524 
7.851991 
12.679559 
11.057877 
10.205426 
10.793952 
11.810328 
9.777829 
11.558468 
9.210393 
12.447164 
10.528998 
11.180138 
9.815404 
7.004020 
13.881524 
8.127847 
11.598890 
7.072975 
12.023018 
8.638066 
9.419862 
7.000062 
8.331836 
8.805387 
12.834984 
5.806134 
9.943518 
13.229236 
13.076156 
8.051826 
12.677629 
8.592028 
8.472800 
8.013550 
10.987896 
7.011502 
8.592177 
10.940202 
9.298843 
10.549413 
8.612357 
11.012425 
8.675869 
10.063809 
8.655474 
8.920617 
11.667835 
11.302994 
10.151615 
10.452632 
11.375319 
12.561469 
10.078706 
8.357470 
9.682075 
12.634386 
10.876535 
13.055508 
10.718406 
7.554402 
7.760938 
9.280098 
5.891158 
11.530487 
14.461167 
7.336434 
10.595172 
8.728394 
10.385545 
13.219891 
10.407667 
11.999979 
12.707642 
11.408510 
10.139408 
10.123635 
14.189320 
9.931179 
9.302198 
10.685301 
11.493352 
7.486699 
11.232105 
7.422516 
12.307618 
7.893526 
8.556001 
7.735013 
8.711147 
10.402759 
7.614277 
11.304750 
10.021923 
10.967263 
6.499113 
10.733844 
10.676370 
8.807099 
8.490740 
14.897743 
11.330579 
9.853015 
9.125977 
11.856927 
6.621156 
12.146003 
11.246754 
9.004416 
14.064793 
9.605054 
9.642903 
6.144322 
11.154172 
8.272479 
10.232222 
9.124782 
8.519212 
13.373901 
12.827905 
12.237789 
8.959941 
7.854510 
12.723555 
13.174178 
12.387059 
8.224412 
11.299060 
8.391091 
11.062065 
10.466184 
11.590140 
7.479390 
10.136616 
12.224543 
9.309353 
11.216113 
11.282012 
8.575835 
12.318300 
6.562110 
10.834931 
9.199893 
14.561818 
5.456559 
10.450290 
11.732662 
12.774278 
7.934847 
10.616375 
9.283593 
10.600698 
7.772377 
9.357282 
10.094895 
12.488333 
11.689695 
6.940298 
14.448279 
10.785419 
9.987165 
10.945609 
8.500328 
11.961351 
10.308458 
13.113001 
9.544045 
11.789287 
7.343188 
8.190969 
10.108386 
8.274081 
7.875926 
11.126451 
11.573779 
9.390597 
9.860901 
8.563224 
6.590077 
10.581053 
8.717963 
12.673616 
10.311177 
14.163561 
10.077176 
8.875022 
9.788971 
11.461292 
10.638472 
10.327457 
8.217753 
11.970858 
12.634261 
7.253343 
11.011246 
8.201960 
9.681297 
12.022376 
11.947988 
8.996051 
9.515275 
10.703524 
7.851991 
12.679559 
11.057877 
10.205426 
10.793952 
11.810328 
9.777829 
11.558468 
9.210393 
12.447164 
10.528998 
11.180138 
9.815404 
7.004020 
13.881524 
8.127847 
11.598890 
7.072975 
12.023018 
8.638066 
9.419862 
7.000062 
8.331836 
8.805387 
12.834984 
5.806134 
9.943518 
13.229236 
13.076156 
8.051826 
12.677629 
8.592028 
8.472800 
8.013550 
10.987896 
7.011502 
8.592177 
10.940202 
9.298843 
10.549413 
8.612357 
11.012425 
8.675869 
10.063809 
8.655474 
8.920617 
11.667835 
11.302994 
10.151615 
10.452632 
11.375319 
12.561469 
10.078706 
8.357470 
9.682075 
12.634386 
10.876535 
13.055508 
10.718406 
7.554402 
7.760938 
9.280098 
5.891158 
11.530487 
14.461167 
7.336434 
10.595172 
8.728394 
10.385545 
13.219891 
10.407667 
11.999979 
12.707642 
11.408510 
10.139408 
10.123635 
14.189320 
9.931179 
9.302198 
10.685301 
11.493352 
7.486699 
11.232105 
7.422516 
12.307618 
7.893526 
8.556001 
7.735013 
8.711147 
10.402759 
7.614277 
11.304750 
10.021923 
10.967263 
6.499113 
10.733844 
10.676370 
8.807099 
8.490740 
14.897743 
11.330579 
9.853015 
9.125977 
11.856927 
6.621156 
12.146003 
11.246754 
9.004416 
14.064793 
9.605054 
9.642903 
6.144322 
11.154172 
8.272479 
10.232222 
9.124782 
8.519212 
13.373901 
12.827905 
12.237789 
8.959941 
7.854510 
12.723555 
13.174178 
12.387059 
8.224412 
11.299060 
8.391091 
11.062065 
10.466184 
11.590140 
7.479390 
10.136616 
